AxesOff
ClrDraw
ClrHome
Menu("DS Installerv0.0","Installieren",1,"Beenden",θθ
Lbl θθ
ClrDraw
ClrHome
Return
Lbl 1
Text(0,0,"Installiere…
Text(7,0,0
"ZEITABHAENGIGE VARIABLEN/ZEIT,GBNR
{0,0→ʟDSTIM
"MINENEINKOMMEN
{1,2,3,4,5,6,7,8,9,10,12,14,16,18,20,22,24,26,30,33,36,39,42,45,48,51,54,57,60,66,75,9ᴇ99→ʟDSMII
Text(7,0,5
"ROHSTOFFE+(4)BEVOELKERUNG
{1000,1000,1000,1→ʟRESS
Text(7,0,10
"GEBAEUDESTUFEN(HG1,BH1,SP1,KS3,ST3,WS3,AH5,MP4,PS4,WA4,SC5,HF2,LG2,EM2)
{1,1,1,0,0,0,0,0,0,0,0,1,1,1→ʟDSGBL
Text(7,0,15
"HAUPTGEBAEUDE
"HOLZ
{115,132,152,175,201,231,266,306,352,405,465,535,615,708,814,935,1076,1238,1423,1637,1882,2164,2489,2863,3292,3786,4354,5007,5758,6621,9ᴇ99→ʟDSHGH
Text(7,0,20
"LEHM
{86,99,114,131,151,173,200,229,264,303,349,401,461,531,610,702,807,928,1067,1227,1412,1623,1867,2147,2469,2839,3265,3755,4318,4966,9ᴇ99→ʟDSHGL
Text(7,0,25
"EISEN
{69,79,91,105,121,139,160,184,211,243,279,321,369,425,488,561,646,743,854,982,1129,1299,1493,1718,1975,2271,2612,3004,3455,3973,9ᴇ99→ʟDSHGE
Text(7,0,30
"BEVOELKERUNG
{1,2,2,2,3,4,5,6,7,9,12,15,18,23,28,36,44,55,69,87,108,139,169,212,265,331,414,517,646,808,9ᴇ99→ʟDSHGB
Text(7,0,35
"ZEIT
{1,2,4,7,11,16,22,29,37,46,56,67,79,92,106,121,137,154,172,191,211,232,254,277,301,326,332,376,407,436,9ᴇ99→ʟDSHGZ
Text(7,0,40
"ZEITFAKTOR
30→A
1→B
While A≠0
A→ʟDSHGF(B)
B+1→B
A-1→A
End
Text(7,0,45
"BAUERNHOF/H
{58,66,76,87,101,116,133,153,176,202,233,268,308,354,407,468,538,619,712,818,941,1082,1245,1431,1646,1893,2177,2503,2879,3314,9ᴇ99→ʟDSBHH
Text(7,0,50
"L
{92,106,122,140,161,185,213,245,281,324,372,428,492,566,651,749,861,990,1139,1309,1566,1732,1991,2290,2624,3029,3483,4005,4606,5297,9ᴇ99→ʟDSBHL
Text(7,0,55
"E
{52,60,68,79,91,104,120,138,158,182,209,241,277,318,366,421,484,557,640,736,847,974,1120,1288,1481,1704,1959,2253,2591,2986,9ᴇ99→ʟDSBHE
Text(7,0,60
"BEV.MAX(Y
{100,133,188,222,302,406,528,652,809,1002,1222,1521,1899,2222,2521,2999,3500,4250,5000,5555,6250,6666,7333,7777,8666,8888,9666,9750,9899,9999,9ᴇ99→ʟDSBHY
Text(7,0,65
"ZEIT
{1,2,3,4,5,6,7,8,9,11,12,13,14,15,16,17,18,19,21,22,23,24,25,26,27,28,29,33,44,55,9ᴇ99→ʟDSBHZ
Text(7,0,70
"SPEICHER/H
{60,66,73,81,89,98,108,123,143,168,198,233,273,318,368,428,498,578,668,768,893,1043,1218,1418,1493,1693,2000,2500,3000,9ᴇ99→ʟDSSPH
Text(7,0,75
"L
{80,88,97,107,118,140,153,167,182,198,215,233,252,282,342,392,452,522,602,692,792,917,1067,1343,1543,1768,2018,2500,3000,4500,9ᴇ99→ʟDSSPL
Text(7,0,80
"E
ʟDSSPH→ʟDSSPE
Text(7,0,85
"SP MAX.(M
{1000,1333,1725,2100,2555,3225,4000,4800,5000,5555,5789,6215,6842,7513,8137,8659,9137,9876,10019,11247,12354,13347,15023,16756,18947,20202,22222,24687,30000,65535,9ᴇ99→ʟDSSPM
Text(7,0,90
"ZEIT
{1,2,3,5,6,7,9,11,12,13,14,16,17,18,19,22,24,26,28,31,33,35,39,42,44,46,50,52,55,60,9ᴇ99→ʟDSSPZ
Text(7,0,90
"KASERNE/H
Text(7,0,100

"BETA!"



Pause 